4.666306333524298111e+01 4.926499910355298795e+01 5.624469622843218275e+01
2.141708257501211676e+01 2.504700692539142182e+01 1.784070251747345637e+01
4.346919020341604067e+01 2.895220919222792233e+01 5.468366645606074883e+01
1.447357031960662788e+01 4.982037354501529336e+01 2.328542554537404641e+01
1.592374445692852980e+01 2.355685754102997720e+01 1.570828413966166615e+01
2.673439743880461705e+01 2.331160104428983715e+01 5.407131257699732174e+01
4.546966439603662025e+01 2.425646887286489672e+01 5.094288556965320680e+01
1.523460264005162657e+01 1.605538920394840119e+01 1.764147750326522157e+01
8.911609223569405458e+01 9.669375245166735411e+00 2.951005060482734521e+01
2.098672187325449556e+01 3.053262272424654977e+00 2.910588948063409731e+01
2.372210870727137078e+01 2.736096390750747176e+01 4.502251302229052499e+01
3.703514235363151386e+01 3.887857051739364067e+01 2.440984646170004524e+01
3.153834892991635996e+01 7.570392147741906996e-02 3.508823049038148412e+01
1.238879726607171428e+01 1.478074891053774986e-01 2.343213712644250535e+01
3.434603376739281799e+01 4.186790630585443540e-01 5.756808424742406771e+01
2.241097061883349184e+01 1.019208881533506084e+00 3.285247494758049669e+01
3.770916029696166305e+01 3.358949615280187317e-01 1.811202360685471646e+01
4.279997916637803712e+01 3.151182523169747007e+00 4.974707591332686718e+01
2.354138495213523896e+01 4.278969927550293484e+00 3.014463467132370766e+01
2.893490642373554422e+01 1.681885892840110919e-01 1.652147455883862293e+01
5.297073914864702715e+01 6.954646516186460681e-02 7.363844623889833940e+01
1.624551180313470411e+01 1.534860198127577513e-01 3.715156133355555568e+01
1.621053291834155274e+01 3.003774456489723743e+00 1.643569862142198090e+01
6.504478299787967899e+01 2.261799768789057641e+00 2.781929226151570589e+01
6.215994303780396990e+01 2.715387183827954853e+00 4.084416750744643565e+01
2.226133493968246313e+01 2.203809871147656418e-01 2.587035798152690802e+01
7.856281410015388644e+01 1.774053153932900542e-02 3.724105910089462412e+01
2.478739966486468305e+01 4.990936233941695860e-02 4.243172878608845622e+01
3.828750732752632757e+01 1.599995011001996703e-01 1.216898657403796769e+01
3.869831131728202678e+01 2.343543362439769739e-01 5.912309203515577138e+01
3.380505082107867310e+01 3.005347348553006892e+00 2.131814222722701047e+01
1.829836372523239518e+01 7.415991338555586454e-01 1.374931021537288700e+01
3.943873104202717883e+01 8.881887485048936548e-02 4.961505359803125259e+01
1.956889989875014280e+01 3.642953269006338757e-01 2.965423356223892881e+01
2.754013595342813048e+01 1.806376233490894379e+00 1.288372678842954500e+01
6.774249479836664989e+01 6.706217852926156520e-02 3.953615183770494212e+01
3.140111321356967622e+01 1.951506460398323706e-02 3.157192100031618054e+01
3.187957148995729284e+01 1.206810524309514382e-02 1.689230487702328176e+01
1.273859779872805120e+01 1.451706567427174001e-02 2.976944594532795207e+01
2.079573184667946251e+01 9.668786433312049830e-03 7.563751695004825137e+01
1.896988610637830419e+01 1.908067445610003521e+00 2.199588679273786340e+01
4.279172853025157508e+01 4.778062014111291583e-03 4.966690909178498714e+01
5.438512554880962568e+01 4.947361600344575214e-03 7.245353150445335189e+01
2.056458952027335130e+01 8.584197342373625986e-03 3.416991957891229958e+01
3.467938149682320415e+01 4.696819914001581359e-02 3.336077879909994692e+01
3.391707824564365126e+01 1.667032573159090703e+00 3.869553499823405218e+01
2.377202116890997274e+01 2.660778608718708416e+00 1.446114556431630405e+01
3.187631562316310863e+01 9.363593133212203337e-03 6.939820657617920574e+01
4.754716822224631301e+01 3.400209668683872553e-03 5.676157836043299909e+01
4.591169809550149239e+01 3.835841258372140513e-03 2.819524187866893072e+01
2.783676119764218271e+01 3.237969865483233522e-03 2.526553647408422876e+01
2.182907503054222786e+01 2.021451729090722321e-03 3.633233643851954753e+01
2.906691601711768413e+01 2.182821052327182671e-03 1.350950302728183239e+01
3.180116252122333975e+01 1.925512509399658189e-03 4.509172503278768573e+01
6.516042743840422702e+01 7.648970899634663367e-03 5.396331399841219678e+01
6.801458923255947298e+01 5.944627750373243646e-01 2.090789846696291221e+01
2.594326293392350991e+01 4.357310676240946812e+00 4.760458998542934239e+01
4.914015762712889313e+01 3.788574760274757924e+00 2.818162457337048465e+01
3.252580095248553960e+01 1.531961099867977349e+00 1.890593464205615959e+01
3.070608201494823675e+01 6.551127649890293725e-01 5.988758582309444023e+01
7.182753771959519895e+01 2.417490191006127151e-03 2.410764149944357015e+01
4.558795105587482510e+01 3.591813562978933561e-03 3.816554168088988064e+01
1.372637148897810988e+01 2.649509517562776903e-03 3.399895550050981541e+01
3.948626603625861264e+01 2.934046791148285389e-03 4.172445075856676056e+01
1.460628540272844234e+01 3.020644452425466295e-03 2.204617290111235661e+01
3.266452841490137615e+01 3.719323658400594968e-03 3.515982940038929172e+01
2.330905875506155667e+01 2.246270347738923891e-03 6.695909464666846134e+01
7.671196122799153727e+01 1.572096576652712990e-02 2.213761779947598285e+01
2.929797203644922376e+01 1.298878812380215193e-02 4.399276831798952259e+01
4.199580551633532366e+01 1.335312256327775005e-01 2.420658772331597675e+01
3.411940378815049257e+01 2.685920534865969891e-02 1.779779787758086229e+01
3.180099908012148191e+01 7.340168713369311426e+00 1.032171143976517769e+01
4.965856485833061384e+01 2.082911724806359643e+01 5.271415943141776195e-01
3.370751256693034037e+01 4.162777142035978528e+01 3.234988169101108563e-02
6.408400240642905032e+01 3.277086227552476139e+00 2.106691089343939893e+01
7.231467508066756977e+01 3.433160887518264204e+00 1.995130230371835722e+01
4.999800819463337653e+00 1.132116120374405099e+01 1.326390560026888110e+01
6.187567539418608042e+00 1.567311414897629795e+01 1.165356207746243911e+01
6.929937172125329781e+00 7.753048245789939230e+00 6.577052732501795229e-02
5.267006764167321720e+00 1.062629876277410013e+01 6.797238305063603436e-02
6.872659125085281318e+00 1.014724779546801514e+01 2.194906907513239913e-01
6.418359856666358887e+00 7.418038333122559003e+00 4.321312046619408265e-01
4.754402421513556298e+00 6.460302854491027702e+00 1.713016754323658936e-02
7.606767095433788484e+00 4.357915679192797320e+00 5.035408919539945821e-02
5.631105052058194005e+00 3.109399078750673673e-01 5.691811816505080307e-02
6.766114687673892014e+00 2.070547693869840000e-01 1.191383607684238233e-01
4.636013765483999016e+00 5.271945990623311928e+00 1.268968656478630108e-01
7.347645173789794093e+00 1.635309988782850610e+00 9.818303017847894443e-02
5.518613480825451667e+00 3.107407404677899661e-03 1.034957030975528075e-01
5.381696935981114649e+00 3.378379234821398368e-03 8.802176340673513455e-02
8.805809809909863617e+00 1.372867801195692787e-02 6.940265760334113354e-02
5.396185549022094463e+00 1.622810828163831487e-01 1.699685347219153098e-01
7.596665857238879660e+00 2.479379605576093396e-02 7.554001413756745997e-02
7.858556085970573868e+00 9.263522945251034812e-02 1.270606849071412858e-01
3.913931830213707830e+00 1.476237147516654136e-02 2.517225965423486311e-02
8.174293093290488699e+00 8.722759260017472899e-03 1.644100320809077642e-02
1.227301568580026903e+01 3.095301867934626035e-03 1.521535411610417006e-02
7.596169212870742982e+00 2.226696840579598380e+00 1.916008684324839798e-02
4.435044472703985718e+00 3.361279716454188993e+00 9.433492205633655855e-03
6.461891229289574490e+00 1.587558953295802044e-02 6.414940682174792574e-02
3.771469865639496710e+00 4.210205892231964377e-03 1.950259017015745777e-01
6.480453009266899933e+00 1.427305170394784495e-01 4.392735257521769576e-02
7.378276962062220612e+00 2.870654346567783413e-02 2.090079200594380585e-02
6.498473376758004960e+00 5.215659918314636406e-02 1.068827134069416929e-01
8.603996697204753019e+00 1.128159557310816352e-02 9.245361272243379780e-02
5.896528572803233281e+00 3.474195015319476720e-01 1.204470278701050556e-01
3.711776324312895614e+00 9.809580133987396700e-01 3.887165600589514991e-02
1.049672047431458388e+01 5.633824082437471903e-01 1.938542164119332750e-02
5.060185473570811610e+00 1.335842220359240336e-02 1.000196110253172288e-01
3.793233232955470324e+00 4.480427639411732166e+00 6.149189804893511607e-02
8.170684994474390450e+00 4.366366158305041816e-03 3.046579418007901510e-02
8.254029758673224748e+00 1.856085097998456390e-01 3.540417232869981241e-03
4.863581626340506503e+00 1.732161188576551158e-01 3.254649764141028748e-03
9.425897129934863727e+00 3.529188459407887109e-03 3.339254648613386358e-03
7.009129155868520478e+00 3.697149162647276558e-03 4.659636976623231230e-02
7.770751014040082616e+00 1.329970943303000197e-01 1.033257820362451368e-01
7.131632489063090219e+00 3.267559901155230317e+00 8.978721116959698101e-02
4.087901898813298907e+00 4.043997319102031973e+00 5.257320655755782363e-02
6.215977954098939939e+00 3.197967767986544928e-03 1.187049752966049670e-01
7.277501074583033081e+00 1.344385582323695191e-02 2.926010802314659709e-01
4.468441800206050196e+00 1.041267154531931993e+01 8.982470169481421296e-03
2.723649087460322527e+00 7.482945969006994602e+00 3.240993228114647656e-02
5.905925839896470464e+00 2.859394708666677335e-03 1.793872762208880561e-02
5.159943205599096139e+00 1.914056544112683212e-03 2.178457450207996193e-02
5.253694795725505351e+00 9.758366682379926438e-01 1.939192280596997373e-02
6.980181721960662777e+00 2.524166051670891364e-01 2.011504350056652832e-02
8.030650962005273286e+00 8.465035696664031939e-02 1.477718168597099736e-02
3.424774795634752067e+00 3.206774983125494118e-03 2.558128334900611894e-02
7.681415747521578297e+00 5.090925242980987378e-03 2.236210797578813692e-02
7.650646166409432958e+00 6.448674458009550747e+00 6.171182195573395035e-03
4.391118620439947051e+00 4.520693052278988766e+00 1.262450861742024817e-02
1.336929653623420933e+01 6.161054673859227560e-01 1.538531228606069244e-02
7.076154953322685515e+00 2.668644456922776489e-03 2.922541936504105195e-02
5.456482298372440809e+00 1.943987158111267627e-02 1.387185190540679743e-02
4.164480868069981412e+00 1.900327175845067246e-02 2.566567126147218866e-02
6.315764986678018111e+00 2.692038397419419665e-02 1.825047233332071153e-02
5.552183060251743463e+00 3.442927227618640673e-01 1.908447116338134186e-02
6.451081444480749383e+00 4.002392662826403935e+00 2.639699279587376726e-02
4.500027963497405636e+00 6.837400968541186508e+00 9.799399226220912099e-03
4.967404765169838754e+00 4.937399054349203453e+00 2.811861926653676513e-01
3.845389213913801729e+00 1.407371060862946943e-01 2.140087448142361515e-01
6.072033359309048528e+00 1.319387017269809531e-02 7.262702549014679598e-02
5.157079502290013551e+00 2.964927606539779006e-02 5.010794358177984853e-02
3.728488183606438966e+00 5.352501941648966921e-02 8.110276307260254336e-02
8.578936217260553221e+00 1.901651223135852053e-01 1.070735984034998645e-01
5.918102813595541356e+00 3.331445903605374098e-02 7.100586745014129952e-02
4.739658401295862689e+00 6.063247996794394190e-01 1.326781572090127426e-01
9.665368978909461006e+00 1.485155081564094870e-01 8.335051057917590434e-02
8.259007179197482174e+00 9.966020518083219815e-02 1.973274054532297150e-01
5.573513453725291278e+00 1.087622130091073780e+00 4.040444115202422304e-01
3.806130564177211184e+00 5.044476566126193973e+01 2.578957535651619226e-01
9.437344261726190453e+00 3.677271109185217313e+01 1.185431639257749775e-01
7.465333863663365932e+00 2.481988954876313969e+01 2.864125503419077678e-01
4.921760396291101181e+00 1.702127683131030977e+01 7.975905622472521939e-02
8.637616421282201529e+00 2.688571080914168832e+01 7.690396215977512995e-02
3.684407064116145936e+00 5.344191911723261512e+01 6.131907776985304898e-02
6.083108072521195453e+00 3.620403895189152621e+01 4.391503264593660943e-02
1.318514676167309929e+01 3.644698702763808029e+01 7.140064896573158904e-02
7.088721755223234666e+00 4.367788394925264583e+01 9.338244101009694764e-02
6.971198701645589857e+00 1.931179090473942850e+01 1.648440501970958177e-02
8.240181494831730902e+00 2.725927171903191137e+01 1.722991746504796973e-02
4.560567040102217362e+00 4.457825813823485106e+01 1.018750106618885598e-01
9.615565563108660285e+00 4.359589861357947171e+01 1.408396211029290801e-01
6.944024303805313103e+00 2.360545776605201951e+01 2.258969015322114318e-02
4.842055970033887213e+00 6.327661144190153664e+01 9.279921344672833680e-03
8.457787678648099217e+00 1.156575516504335077e+01 1.317826361475644970e-01
7.244109646771749844e+00 3.034213035442638429e+01 8.536003481070435217e-02
7.051900449641826718e+00 3.931205371835517326e+01 2.107012333505827451e-01
4.891156202570095424e+00 3.059451159419195321e+01 1.868015146302172136e-01
3.915308952382658969e+00 1.675017331460967895e+01 5.515338933107862690e-02
6.446528228305687058e+00 4.144466073745945067e+01 1.282295929519493560e-01
6.583093966831895294e+00 2.665286972458938308e+01 9.395025029403308858e-02
9.165129297935335373e+00 3.653720557522103718e+01 2.046969493352740824e-02
7.155286614450292682e+00 3.726419338981538942e+01 1.880546162008237682e-02
7.384518623459053188e+00 4.315787458451833203e+01 2.048899193679581954e-01
4.894435723103065072e+01 2.899421021814625021e+01 4.640183745706553120e-01
7.043324868917906656e+01 5.101145075785007776e+01 3.887567424138681504e-01
3.425302391907633393e+01 2.070317254048273625e+01 1.599746573571483865e-01
9.671907603306220835e+01 3.520968781369830936e+01 4.983308065911083995e-01
4.227289445105053289e+01 1.661826947685525013e+01 2.002917011154865257e-01
2.391179415128570085e+01 8.787853437010337387e+00 2.035962132344772968e-01
3.050975449878199797e+01 7.085006760367138057e+00 4.376890611083775195e-01
2.174936612029397764e+01 1.536020090180806541e+01 3.697518807184098089e-01
1.344741350051131867e+01 1.573455909966601318e+01 2.152608363673539933e-03
4.647060995723195731e+01 3.878811296424834154e+01 4.678377567192771203e+00
2.620208845897492367e+01 4.479018171989791464e-01 7.808639278863295452e+00
2.514366059271751652e+01 9.752116757088780119e+00 1.339660361921599474e+01
4.275827615871799026e+01 2.459313299707722322e+01 1.022012945326951971e+01
3.734674417367324395e+01 1.439904603182650966e+01 3.182654110727401786e+00
2.485641703049693874e+01 1.790203326423445063e+01 6.811328278923863877e+01
8.329877273809029248e+01 4.975610365260514811e+00 1.382137439981002380e+01
5.151453289089548093e+01 1.684200533149762435e+01 1.461485980877923474e+01
2.249572647969772632e+01 8.709390632360102913e+00 4.129821823743644416e+01
5.179720503208655202e+01 1.170524173346394825e+01 1.277235668500595267e+01
4.696156215528730371e+01 2.402743932988385467e+01 3.471564762642692870e+01
1.892028572252378638e+01 3.172628023481993154e+01 7.062762427929905584e+01
3.708856657763582376e+01 3.254767119476386483e+01 2.766745679124888468e+01
3.829449813560975713e+01 1.945317510197705602e+01 2.553027338911836353e+01
2.039316735574972839e+01 4.824886219408031707e+01 4.601293965317023549e+01
3.086450859667530722e+01 6.444681918112472374e+01 2.199500075417652667e+01
4.670370016232823929e+01 1.950649515623822339e+01 5.086327940211702270e+01
1.980466266687261978e+01 2.548156171380561474e+01 4.909126205488660588e+01
6.905889502357241838e+01 2.235515136603177311e+01 2.851213897369416372e+01
2.249462100266992337e+01 4.477102630968939678e+01 4.442376258736943839e+01
1.898272282721162085e+01 2.747691014079739258e+00 4.854539861913056598e+01
3.278342497415420809e+01 2.812712512741558868e+01 1.529355933860822248e+01
2.011277705500731372e+01 9.522709778865396046e+00 1.005700227971836256e+02
1.974475412293727672e+01 1.291513308932348503e+00 6.555642943599045225e+01
3.553536728734386685e+01 4.088494722700080786e+01 4.714803482236906973e+01
2.853454587586736579e+01 2.361555711838740734e+01 2.474578338729837412e+01
1.327398080338641684e+01 6.224636209338780901e+01 7.605759650880190748e+01
3.891319097839255647e+01 3.995228401359219195e+00 2.793004094243566016e+01
5.926365742548762938e+01 2.321844054028666804e+01 9.582043649190835310e+01
3.422793891870379923e+01 3.128945692733369555e+01 4.888184002439534481e+01
2.317260115195726655e+01 1.969637127871786575e+01 2.988551077848035931e+01
2.843895879228125168e+01 4.479334426320225759e+01 1.293198441380919839e+01
2.220103283519160087e+01 9.374028324199093731e+01 7.210546752447396557e+01
4.674477893878111701e+01 4.306970351010266995e+01 3.452009482263726881e+01
6.019563359749793108e+01 1.426510991947129803e+01 3.262271391869127513e+01
6.354709039369659251e+01 3.414753210443128495e+01 7.082830602599102576e+01
2.180081231416638232e+01 2.272534305684871470e+01 2.869194060984436589e+01
1.294949769260367134e+01 2.849491209118392732e+01 1.891490193239431861e+01
3.280625702292986290e+01 5.558568456225915355e+01 5.373933010536761401e+01
3.853811258190302880e+01 3.354705659010597429e+01 3.083341847857431972e+01
3.289208874406791239e+01 1.675199325465463573e+01 3.724698131150356062e+01
2.583729853581177593e+01 2.373735256762527257e+01 5.879059249508030405e+01
2.266686245342548744e+01 1.617355031286804845e+01 1.800200677810348182e+01
2.540893074523931006e+01 2.991474965219583737e+01 2.597257965769922450e+01
4.603367928841305456e+01 5.689428868986421861e+01 4.509790170952378929e+01
3.578983877919248435e+00 4.020965886538635203e+01 3.837388088043032042e+01
5.536827349496185491e+00 3.759431351139357780e+00 6.252717791160856109e+01
5.631749149686500644e+00 6.021092739920347725e+01 4.371187506453927796e+01
8.546964631877314034e+00 4.035393703901737439e+01 6.571973026560561948e+01
6.889215958190113120e+00 1.991308595657523028e+01 4.080239210276640449e+01
5.611861510755965732e+00 2.047468935991870609e+01 7.982810039811946012e+01
5.436318958885011376e+00 6.359282867665714889e+01 4.752192293974294302e+01
5.286397449616557331e+00 1.671901615933094476e+01 2.463555283882796942e+01
7.196218773169619887e+00 3.459281429434567912e+01 5.875034979374626687e+01
4.033982404994700843e+00 3.960217599790966858e+01 1.568132981337225296e+01
9.220558020795289522e+00 1.104434712909298710e+01 2.012382906407362526e+01
6.650087412413833832e+00 5.146059263877500456e+01 4.770351787140100441e+01
5.045940105361610861e+00 4.519921796359447796e+01 2.904469544959837890e+01
4.572516301348671597e+00 1.689153975921594153e+01 3.312838860860264845e+01
7.108072944263502002e+00 2.489864195893542487e+01 3.948407673052565769e+01
5.240200138857818324e+00 5.608949038528165687e+01 5.917375854154447978e+01
9.094978159279893504e+00 3.576281469687723558e+01 2.073354816496444286e+01
7.181043860911620058e+00 5.654959814418383246e+01 3.832142139650538581e+01
3.314016763220684059e+00 4.339816177337572611e+01 5.147993107341449104e+01
5.375036683676107430e+00 1.846444390593065421e+01 1.966738463696890804e+01
5.245887056480147415e+00 2.124093102349885953e+01 4.611470390783117779e+01
4.291191824302414304e+00 9.709964142115490304e+00 1.057579346328634102e+02
4.476794396463139591e+00 1.906526587860814104e+01 2.670697439204541723e+01
8.124340978891970266e+00 3.939365472712987071e+01 4.395719526905221386e+01
7.454121995544570112e+00 1.583032395765413014e+01 9.825340655917626975e+01
6.727823740988507772e+00 4.339883003959845098e+01 3.603643405794883137e+01
1.071830269795159474e+01 2.388231246223198312e+01 5.354785167914576505e+01
4.870117432742811836e+00 2.639322606263271354e+01 8.201820043518327452e+01
3.981220886421620087e+00 2.039329267728475159e+01 2.523552605218112532e+01
6.670162033438296056e+00 4.742493973481796132e+01 2.883325251827971059e+01
4.628472489303030457e+00 2.885304156226921179e+01 7.650685405367445924e+01
5.318229924211189896e+00 2.109658910529379483e+01 2.350183581302278668e+01
5.117730650620247346e+00 1.995089779553103781e+01 4.879108676523170374e+01
6.196008614689774596e+00 3.867917155261839923e+01 3.376360774352788496e+01
3.309315987489043487e-02 3.321563235992513796e+01 2.907071708020314560e+01
7.068086516271910646e+00 6.378588161449670935e+01 1.689257463989194008e+01
5.976406461117390378e+00 3.466041672513838279e+01 8.285276906553104936e+01
5.331878058784558228e+00 7.563956981484614595e+00 2.833417010755334431e+01
4.897832666319257733e+00 2.614046428935108690e-02 4.544208778771525914e+01
9.528770220031649529e+00 6.980889623096837686e-03 3.635886724232997835e+01
5.062861848361262851e+00 1.665219101377077293e-02 2.384383230121074604e+01
7.463491431334462689e+00 1.146473584888305954e-02 4.529180499218036005e+01
3.783466591818116065e+00 6.880120878842034722e-03 3.131760494274815443e+01
6.198673256518275387e+00 2.009719115230886033e-02 1.288473613963710207e+01
8.489848561575465524e+00 2.049159802806243547e-01 9.208398053106425607e+01
8.461563464402388490e+00 9.583406816244428861e-03 4.620531028062132606e+01
9.914647602352371081e+00 1.787180953083716550e-01 3.969368336688464893e+01
7.947791467982337821e+00 1.141541077588560937e-01 2.703741309707802287e+01
5.192504436538328827e-01 1.576458453668082016e-01 4.518811941213627392e+01
2.962960005818172249e+01 1.090096792087345418e-01 3.131683278396856807e+01
8.221531599854777994e+01 1.742742579849364815e-01 5.710447874953196390e+01
3.732875499749943060e+01 2.128167458360117337e-01 5.614277016759085370e+01
3.092715272034162766e+01 2.962682806742987784e-01 2.644474271815397159e+01
3.430784808202586333e+01 3.770394269573401624e-01 2.787115146582140923e+01
1.740276598819772857e+01 1.631351425111147169e-01 4.762211817183712270e+01
4.264194181279673757e+01 3.443934547774348265e-01 3.781764504494012158e+01
3.781379176859133651e+01 1.393816979157410096e-01 5.665383684893052418e+01
2.050484644041561566e+01 1.336055660569901160e-01 2.814956530822835390e+01
4.820653841213397328e+01 1.924760795199556007e-01 5.707702669786390715e+01
